  -1.12500011639981     
  -1.05658024221842     
  -1.03538617841627     
 -0.994017232401920     
 -0.931533838506035     
 -0.851446470815556     
 -0.754474174709574     
 -0.640953566105731     
 -0.511077550038040     
 -0.500000000010114     
 -0.364969592704350     
 -0.202714655309881     
 -0.125000294052458     
 -0.125000116399804     
 -5.703480336191719E-002
 -5.658024221840409E-002
 -3.538617841619923E-002
 -3.457983488424650E-002
 -2.437426351035457E-002
  5.982767598133034E-003
  1.154813874020214E-002
  6.846616149401925E-002
  7.935664853996283E-002
  0.148553529184475     
  0.165436877199716     
  0.170005312319591     
  0.245525825290477     
  0.268897147876095     
  0.359046433894289     
  0.380388246442737     
  0.389264543932388     
  0.488922449961989     
  0.526246757797264     
  0.606746149844067     
  0.635030407295654     
  0.679649424709364     
  0.797285344690144     
  0.849056096618199     
  0.849337300743828     
  0.874999883600188     
  0.943419757781618     
  0.964613821583983     
  0.975625736489680     
   1.00598276759824     
   1.03521309734447     
   1.06846616149407     
   1.10729927800272     
   1.14855352918451     
   1.17000531231961     
   1.23720491826631     
   1.24552582529047     
   1.35904643389429     
   1.38038824644277     
   1.38146006166015     
   1.45525839381236     
   1.48892244996196     
   1.60674614984409     
   1.63503040729564     
   1.67152548558412     
   1.68933156770267     
   1.79728534469010     
   1.84905609661822     
   1.93939147467028     
   1.97562573648966     
   1.97748793612851     
   2.10729927800273     
   2.17000531231958     
   2.20541179358381     
   2.29938195115506     
   2.38038824644274     
   2.38146006166018     
   2.48737122750520     
   2.60674614984409     
   2.63758031158701     
   2.67152548558412     
   2.78525289909252     
   2.84905609661821     
   2.97748793612853     
   2.99427846491318     
   3.09905228522560     
   3.10729927800275     
   3.29938195115508     
   3.37778545617974     
   3.38146006166021     
   3.42886639129794     
   3.63758031158703     
   3.67152548558417     
   3.77549927726951     
   3.80888592390091     
   3.97748793612858     
   3.99427846491318     
   4.14296050018054     
   4.29938195115513     
   4.32123140469283     
   4.37778545617975     
   4.54408048771155     
   4.63758031158710     
   4.80888592390092     
   4.96149070310439     
   4.99427846491324     
   5.00587138091667     
   5.32123140469285     
   5.37778545617982     
   5.56772952348277     
   5.77674925327098     
   5.80888592390100     
   5.96149070310442     
   6.27901066172109     
   6.32123140469293     
   6.77674925327098     
   6.84998368648541     
   6.96149070310450     
   7.19760557820896     
   7.77674925327117     
   7.84998368648544     
   8.25839498893797     
   8.41122675751532     
   8.84998368648570     
   9.25839498893796     
   10.0398547172539     
   10.2140519850303     
   10.2583949889383     
   11.2140519850303     
   12.2140519850305     
   12.3041711632787     
   12.8937154167300     
   13.8937154167300     
   14.8937154167301     
   15.5353536478605     
   16.9510227332076     
   17.9510227332076     
   18.9510227332078     
   20.4237237714144     
   22.9410626729644     
   23.9410626729645     
   24.9410626729645     
   28.1902543434241     
   33.4678249280902     
   34.4678249280905     
   35.4678249280920     
   41.8554139439373     
   51.3439546320540     
   52.3439546320545     
   53.3439546320539     
   68.7227054569440     
   93.9348062118960     
   94.9348062118961     
   95.9348062118963     
   134.970888672774     
   193.968090096120     
   194.968090096120     
   195.968090096119     
   374.550419753305     
   862.173274587293     
   863.173274587290     
   864.173274587291     
   3457.37975439739     
   5003.99099389728     
   5004.99099389728     
   5005.99099389728     
