  -1.12500011639980     
  -1.05658024221839     
  -1.03538617841605     
 -0.994017232401769     
 -0.931533838505931     
 -0.851446470815486     
 -0.754474174709508     
 -0.640953566105683     
 -0.511077550037996     
 -0.500000000010097     
 -0.364969592704320     
 -0.202714655309843     
 -0.125000294052459     
 -0.125000116399807     
 -5.703480336191673E-002
 -5.658024221840804E-002
 -3.538617841622523E-002
 -3.457983488429318E-002
 -2.437426351031839E-002
  5.982767598110447E-003
  1.154813874017553E-002
  6.846616149398931E-002
  7.935664853993758E-002
  0.148553529184462     
  0.165436877199715     
  0.170005312319609     
  0.245525825290455     
  0.268897147876055     
  0.359046433894288     
  0.380388246442750     
  0.389264543932369     
  0.488922449961975     
  0.526246757797245     
  0.606746149844091     
  0.635030407295661     
  0.679649424709366     
  0.797285344690135     
  0.849056096618207     
  0.849337300743800     
  0.874999883600191     
  0.943419757781593     
  0.964613821583765     
  0.975625736489671     
   1.00598276759810     
   1.03521309734449     
   1.06846616149398     
   1.10729927800273     
   1.14855352918446     
   1.17000531231960     
   1.23720491826630     
   1.24552582529045     
   1.35904643389427     
   1.38038824644276     
   1.38146006166015     
   1.45525839381236     
   1.48892244996197     
   1.60674614984410     
   1.63503040729564     
   1.67152548558410     
   1.68933156770267     
   1.79728534469013     
   1.84905609661823     
   1.93939147467028     
   1.97562573648967     
   1.97748793612851     
   2.10729927800274     
   2.17000531231960     
   2.20541179358381     
   2.29938195115505     
   2.38038824644274     
   2.38146006166019     
   2.48737122750520     
   2.60674614984408     
   2.63758031158702     
   2.67152548558411     
   2.78525289909251     
   2.84905609661821     
   2.97748793612854     
   2.99427846491316     
   3.09905228522560     
   3.10729927800272     
   3.29938195115508     
   3.37778545617973     
   3.38146006166017     
   3.42886639129793     
   3.63758031158703     
   3.67152548558410     
   3.77549927726953     
   3.80888592390091     
   3.97748793612852     
   3.99427846491317     
   4.14296050018053     
   4.29938195115505     
   4.32123140469282     
   4.37778545617976     
   4.54408048771156     
   4.63758031158703     
   4.80888592390093     
   4.96149070310437     
   4.99427846491316     
   5.00587138091668     
   5.32123140469284     
   5.37778545617972     
   5.56772952348277     
   5.77674925327096     
   5.80888592390093     
   5.96149070310439     
   6.27901066172106     
   6.32123140469283     
   6.77674925327100     
   6.84998368648538     
   6.96149070310438     
   7.19760557820897     
   7.77674925327097     
   7.84998368648541     
   8.25839498893775     
   8.41122675751525     
   8.84998368648542     
   9.25839498893798     
   10.0398547172539     
   10.2140519850299     
   10.2583949889380     
   11.2140519850303     
   12.2140519850302     
   12.3041711632787     
   12.8937154167297     
   13.8937154167300     
   14.8937154167299     
   15.5353536478604     
   16.9510227332077     
   17.9510227332077     
   18.9510227332076     
   20.4237237714143     
   22.9410626729644     
   23.9410626729646     
   24.9410626729645     
   28.1902543434241     
   33.4678249280891     
   34.4678249280904     
   35.4678249280904     
   41.8554139439375     
   51.3439546320546     
   52.3439546320542     
   53.3439546320544     
   68.7227054569437     
   93.9348062118937     
   94.9348062118959     
   95.9348062118959     
   134.970888672774     
   193.968090096120     
   194.968090096119     
   195.968090096119     
   374.550419753310     
   862.173274587295     
   863.173274587296     
   864.173274587296     
   3457.37975439748     
   5003.99099389745     
   5004.99099389745     
   5005.99099389745     
